Token 1:
[ 3.8040e-01, -2.1257e-02,  1.0161e-01,  3.4872e-01,  3.5292e-01,
           6.6844e-04,  1.7605e-02,  2.1089e-01, -2.3715e-02,  3.7764e-01,
           1.0006e-03, -1.8097e-04,  1.4527e-03,  3.0313e-03, -7.3438e-02,
          -6.0791e-03, -3.8506e-01, -1.5067e-01,  1.6288e-02,  1.9963e-04,
           2.8872e-01, -1.0988e-01,  6.3301e-03,  2.6282e-02,  3.1490e-02,
           5.0049e-04,  1.1020e-03,  2.2682e-03, -3.4068e-01,  1.0443e-01,
           1.9320e-02, -1.7430e-01]

Token 2:
[ 4.8037e-01,  2.7030e-02,  1.3997e-01, -3.9034e-01,  1.1910e-01,
          -3.3127e-04, -2.5879e-02,  2.3371e-01, -9.8078e-03,  2.7747e-01,
          -1.5850e-03, -1.7341e-03,  3.3864e-03, -6.2758e-03,  9.6993e-03,
           6.5885e-03, -3.6967e-01,  4.9791e-01,  1.0734e-02,  1.0392e-03,
           3.3429e-01, -7.6855e-02,  6.2887e-04, -3.4949e-02, -2.0722e-02,
           3.4962e-04, -1.4283e-04, -1.7814e-04, -3.3080e-01,  5.6013e-01,
          -3.6928e-01, -1.4420e-01]

Token 3:
[-6.4474e-01, -3.4449e-02, -4.9698e-01,  5.0212e-01, -1.4516e-01,
           6.0087e-04,  1.7118e-01, -4.8051e-01, -1.5320e-01, -2.6928e-01,
           1.7194e-03, -1.0778e-03, -7.3332e-04,  3.0625e-03, -1.7025e-01,
          -6.8638e-03,  3.9216e-01, -5.4116e-01,  6.1590e-02,  1.7119e-03,
          -4.8800e-01, -2.6307e-01,  3.1729e-03,  3.7981e-02,  1.0861e-01,
          -1.7655e-03,  1.2689e-03,  1.3983e-03,  3.6994e-01, -3.2153e-01,
           6.1132e-01,  3.0801e-01]

Token 4:
[-2.7973e-01,  2.7162e-02, -2.5035e-01,  8.4483e-02,  8.8271e-02,
           3.0306e-04, -1.1693e-01,  4.9882e-02,  9.9983e-02, -2.3025e-01,
          -1.4973e-03, -1.1971e-03,  4.6096e-03, -1.0252e-03,  1.2866e-01,
           7.0150e-03,  3.0853e-01, -1.1644e-01, -3.3370e-02, -1.2474e-03,
          -6.8273e-02, -1.5612e-01,  1.5403e-04, -3.2718e-02, -7.7099e-02,
           1.8908e-03, -3.2234e-04, -1.0103e-03, -5.9763e-02,  1.2992e-01,
           3.3961e-01, -1.6070e-01]

Token 5:
[-7.3611e-03, -1.4480e-02,  2.1492e-01, -1.1071e-01, -1.6000e-01,
          -2.0232e-03,  1.5820e-02, -1.5759e-01, -1.4972e-02,  4.3734e-01,
           2.8800e-04,  1.0881e-03, -1.2706e-03,  3.5022e-03, -3.1436e-02,
          -6.7767e-03, -3.7872e-01,  1.8995e-01,  1.3952e-02, -1.2385e-03,
           1.8225e-01,  5.7209e-02,  3.7009e-03,  1.5596e-02,  1.5347e-02,
          -9.0919e-04, -1.3972e-03,  1.9465e-03, -2.1788e-01, -2.0719e-01,
          -1.2810e-01,  3.0476e-01]

Token 6:
[ 1.8429e-03,  2.9208e-02, -8.2526e-02, -1.1632e-01, -2.4759e-01,
          -7.8431e-04, -4.9435e-02, -3.4506e-01,  3.4599e-02, -3.3940e-01,
          -1.5976e-03, -3.7959e-03, -3.2299e-05, -8.8862e-04,  7.7889e-03,
           8.8385e-03,  3.2120e-01, -2.1020e-01, -4.9727e-02,  3.9773e-03,
          -2.2969e-01, -3.5892e-01, -2.4929e-03, -3.9421e-02, -4.8615e-02,
           2.2600e-03, -2.3219e-03,  4.6822e-04,  2.9867e-01, -5.0480e-01,
           4.0793e-01,  3.7047e-01]

Token 7:
[-2.1070e-01, -1.4190e-02,  3.4418e-02, -1.7321e-02, -2.5142e-01,
           1.2383e-04, -3.0870e-02,  3.6708e-01,  1.2721e-02, -2.0748e-01,
           8.9469e-04, -1.8071e-03, -1.1862e-03,  7.7816e-04,  3.3282e-02,
          -5.1194e-03,  6.4956e-03,  5.1978e-02,  1.6257e-04,  1.0293e-03,
           1.9659e-01,  1.4326e-01,  8.7795e-04,  1.2889e-02,  6.4313e-03,
          -8.4197e-04,  9.8171e-04,  3.3033e-04,  1.5919e-01, -2.2796e-03,
          -2.3720e-01, -2.5149e-01]

Token 8:
[ 2.5381e-01,  2.2098e-02, -2.3733e-02, -1.0705e-01, -1.7395e-01,
          -2.4797e-03, -7.0940e-02, -3.2382e-01,  1.0264e-01, -2.2766e-01,
          -2.3189e-03, -8.5133e-04,  1.1704e-03, -9.8668e-03,  1.0742e-01,
           2.8332e-03,  1.1268e-01, -9.3011e-02, -2.0229e-02,  2.5521e-03,
          -1.8508e-01, -4.1445e-02, -2.6586e-04, -2.9240e-02, -7.2352e-02,
          -2.2535e-04,  1.1457e-03,  3.1179e-04,  8.7211e-02, -8.7572e-02,
           1.3059e-01,  4.7175e-02]

Token 9:
[ 8.0973e-02, -1.2138e-02,  1.4591e-01,  2.6252e-01, -8.8180e-04,
           6.1380e-04, -1.6554e-02,  3.3360e-01, -1.7169e-03, -1.4440e-01,
           2.9157e-04, -1.2049e-03, -3.7560e-04, -1.4982e-05,  2.5552e-02,
          -1.7433e-03, -2.0220e-01, -1.3235e-01,  1.6402e-02,  6.1118e-04,
          -6.1318e-02,  3.2650e-01,  2.6153e-03,  8.4051e-03,  4.1990e-03,
           4.0778e-04, -9.7474e-04,  3.2609e-03,  1.9584e-01,  3.9822e-02,
          -3.1397e-01,  1.5468e-01]

Token 10:
[-5.7314e-02, -1.7745e-02,  2.1378e-01, -4.5283e-01,  4.1383e-01,
           9.2174e-04,  7.6912e-02,  1.0803e-01, -1.8663e-02,  3.2171e-01,
           8.6614e-04, -2.4722e-03, -4.5065e-03,  5.5494e-03, -1.0846e-02,
           3.7085e-04,  1.9885e-01,  5.0037e-01, -2.4457e-02,  2.5020e-03,
           2.7312e-02,  4.7605e-01, -3.1261e-03,  1.8440e-02,  2.9908e-02,
           1.7129e-04, -3.6176e-04,  3.8481e-04, -1.5791e-01,  2.8477e-01,
          -4.5771e-01, -4.5103e-01]