Token 1:
[-0.4877,  0.0973,  0.1742, -0.7064, -0.5360, -0.6489, -0.3266,
          -0.6501, -0.5510,  0.0475, -0.4774,  0.4904,  0.1539,  0.1366,
           0.3672,  0.0414,  0.4177, -0.3827, -0.0783,  0.0441,  0.0350,
          -0.5092, -0.2218,  0.0225, -0.2097,  0.0180, -0.1597, -0.0841,
          -0.1994, -0.6863, -0.2109,  0.0013]

Token 2:
[-5.8747e-01,  4.1391e-01,  3.2112e-01,  5.9997e-01,  3.8038e-01,
          -2.2112e-01, -1.6139e-02,  2.2470e-01, -1.4720e-01,  4.6383e-01,
          -1.7316e-01, -7.6146e-01,  1.5505e-03,  8.9357e-02, -5.0974e-02,
           7.6166e-03, -1.1935e-01,  7.5850e-02, -1.3748e-02, -2.1394e-01,
          -1.1391e-01, -7.2808e-01,  6.8918e-02,  2.0780e-01, -1.6281e-01,
           2.1389e-02,  6.0637e-01, -6.4075e-02, -1.6993e-01,  1.1957e-01,
           4.4702e-02,  3.1387e-04]

Token 3:
[ 0.1201, -0.7167,  0.3276, -0.3651, -0.6672, -0.0101, -0.2162,
           0.0776,  0.1731,  0.1542,  0.3872,  0.1553,  0.4587,  0.2629,
          -0.3708, -0.0200, -0.4062, -0.2061, -0.3545,  0.6457, -0.5978,
           0.4321,  0.2181,  0.3897, -0.2425, -0.6843,  0.1105,  0.3894,
           0.0355,  0.2572,  0.1731, -0.0028]

Token 4:
[ 3.0178e-01, -5.9221e-01, -1.8401e-01,  7.4334e-01,  8.4667e-02,
          -3.1794e-01,  3.9824e-04,  7.5611e-02, -8.8535e-02, -7.4733e-01,
           3.1996e-01,  2.6837e-01, -5.6133e-01, -3.9211e-02,  1.7406e-01,
           1.3137e-01, -5.4729e-01, -1.9010e-02,  9.1039e-02,  4.8581e-01,
           3.3857e-01, -9.2502e-02, -6.9089e-01, -1.8917e-01, -7.1155e-01,
           2.4534e-01, -4.2042e-01,  4.3088e-01, -3.6497e-01,  1.3672e-01,
          -2.5591e-01,  5.1589e-04]

Token 5:
[ 0.3200,  0.2889,  0.6985,  0.4698, -0.5396,  0.3988, -0.1763,
          -0.1149,  0.0133,  0.5145,  0.0976,  0.6031,  0.0514, -0.0991,
           0.1574, -0.0966, -0.0470,  0.3660,  0.1846,  0.2513,  0.0145,
           0.6774,  0.1604,  0.3730, -0.1073,  0.4852,  0.1541, -0.6282,
          -0.2696, -0.3296, -0.3291,  0.0015]

Token 6:
[ 0.1835,  0.6392, -0.0963, -0.7979,  0.5683,  0.1378, -0.3655,
          -0.0227, -0.4609, -0.6109, -0.1588,  0.4029, -0.1296,  0.0552,
           0.0075,  0.0117, -0.3845, -0.1017,  0.0265, -0.1724, -0.2178,
          -0.0724, -0.2341,  0.3454, -0.2970,  0.0197, -0.2828, -0.5897,
           0.3819,  0.5289,  0.4412,  0.0012

Token 7:
[ 4.8954e-01, -4.3163e-01,  2.0767e-01, -4.9003e-01,  4.2290e-01,
           3.5772e-01,  3.2420e-01,  4.8893e-01,  4.4515e-02,  2.5463e-01,
           4.9946e-01,  2.5074e-01,  5.4210e-01, -5.2932e-01, -9.2038e-02,
          -6.7835e-02,  8.1382e-01, -7.3128e-01,  3.1691e-01, -5.3091e-01,
           1.1884e-01, -2.9644e-01,  5.5340e-01,  1.0956e-01, -5.5959e-01,
           1.4624e-01, -3.4237e-01,  1.9684e-01,  2.2777e-01,  2.1595e-01,
          -4.8646e-01,  5.7508e-04]

Token 8:
[ 0.7762,  0.4414,  0.2530,  0.0485,  0.6626, -0.2699,  0.5330,
          -0.0697,  0.6511,  0.1049,  0.2442,  0.2608,  0.1765,  0.3131,
           0.3457, -0.1115,  0.2931, -0.5803, -0.1529,  0.4127, -0.0760,
          -0.2360, -0.6387,  0.0818,  0.4639, -0.2008, -0.1570, -0.0331,
           0.0148,  0.1499,  0.3446, -0.0010]

Token 9:
[-0.3746,  0.3239, -0.2334,  0.0362,  0.0634,  0.3186,  0.6779,
           0.0372, -0.3913,  0.6414, -0.2894,  0.2704,  0.0156,  0.2843,
           0.5197,  0.1161, -0.4264, -0.4665, -0.0203,  0.1507,  0.1085,
           0.7935,  0.7185, -0.5250, -0.3694, -0.0904, -0.5426,  0.1046,
          -0.1804,  0.2031,  0.3341, -0.0015]
Token 10:
[-5.2445e-01,  5.4343e-01,  1.2344e-01, -2.7925e-01, -2.7366e-01,
           5.0895e-01,  1.7433e-01, -2.8826e-02,  5.7211e-01,  2.9752e-03,
          -1.5993e-01,  4.4451e-01, -3.3538e-01,  5.3528e-02, -4.4479e-01,
          -6.0929e-02,  4.6676e-01,  7.5691e-01, -5.6869e-02,  6.6587e-01,
           2.9684e-01, -4.2902e-01, -6.3677e-02, -2.5067e-01, -4.9605e-01,
           1.6114e-04,  2.7006e-02,  4.7801e-01,  7.7265e-01, -3.7517e-01,
           3.3655e-01,  2.9746e-04]